10000000000000061
10000000000000069
10000000000000079
10000000000000099
10000000000000453
10000000000000481
10000000000000597
10000000000000613
10000000000000639
10000000000000669
10000000000000753
10000000000000793
10000000000000819
10000000000000861
10000000000000897
10000000000000909
10000000000000931
10000000000000949
10000000000000957
10000000000000991
10000000000001029
10000000000001101
10000000000001129
10000000000001239
10000000000001293
10000000000001311
10000000000001321
10000000000001377
10000000000001423
10000000000001477
10000000000001549
10000000000001551
10000000000001567
10000000000001657
10000000000001659
10000000000001719
10000000000001723
10000000000001731
10000000000001743
10000000000001747
10000000000001771
10000000000001789
10000000000001833
10000000000001873
10000000000001939
10000000000002013
10000000000002049
10000000000002053
10000000000002083
10000000000002137
10000000000002203
10000000000002269
10000000000002281
10000000000002359
10000000000002401
10000000000002473
10000000000002479
10000000000002517
10000000000002547
10000000000002569
10000000000002631
10000000000002643
10000000000002731
10000000000002769
10000000000002809
10000000000002823
10000000000002851
10000000000002877
10000000000002907
10000000000002931
10000000000002949
10000000000002953
10000000000003037
10000000000003049
10000000000003103
10000000000003217
10000000000003241
10000000000003267
10000000000003291
10000000000003367
10000000000003411
10000000000003417
10000000000003457
10000000000003459
10000000000003471
10000000000003499
10000000000003523
10000000000003543
10000000000003583
10000000000003619
10000000000003627
10000000000003633
10000000000003693
10000000000003711
10000000000003747
10000000000003763
10000000000003813
10000000000003861
10000000000003879
10000000000003903
10000000000003921
10000000000003991
10000000000004033
10000000000004089
10000000000004129
10000000000004153
10000000000004219
10000000000004359
10000000000004369
10000000000004431
10000000000004447
10000000000004473
10000000000004489
10000000000004503
10000000000004569
10000000000004579
10000000000004603
10000000000004627
10000000000004669
10000000000004681
10000000000004701
10000000000004717
10000000000004719
10000000000004843
10000000000004867
10000000000004887
10000000000004897
10000000000004947
10000000000005007
10000000000005023
10000000000005073
10000000000005077
10000000000005089
10000000000005151
10000000000005247
10000000000005289
10000000000005311
10000000000005313
10000000000005319
10000000000005343
10000000000005383
10000000000005469
10000000000005481
10000000000005529
10000000000005571
10000000000005611
10000000000005647
10000000000005667
10000000000005737
10000000000005761
10000000000005767
10000000000005859
10000000000005863
10000000000005979
10000000000006007
10000000000006033
10000000000006061
10000000000006151
10000000000006157
10000000000006193
10000000000006201
10000000000006207
10000000000006213
10000000000006249
10000000000006267
10000000000006343
10000000000006349
10000000000006487
10000000000006553
10000000000006571
10000000000006573
10000000000006633
10000000000006649
10000000000006733
10000000000006739
10000000000006769
10000000000006823
10000000000006847
10000000000006957
10000000000006987
10000000000006997
10000000000007023
10000000000007113
10000000000007119
10000000000007179
10000000000007233
10000000000007243
10000000000007323
10000000000007357
10000000000007359
10000000000007363
10000000000007417
10000000000007431
10000000000007443
10000000000007483
10000000000007489
10000000000007519
10000000000007531
10000000000007579
10000000000007597
10000000000007663
10000000000007711
10000000000007749
10000000000007753
10000000000007777
10000000000007807
10000000000007813
10000000000007827
10000000000007861
10000000000007869
10000000000007993
10000000000008041
10000000000008043
10000000000008089
10000000000008097
10000000000008113
10000000000008127
10000000000008131
10000000000008181
10000000000008197
10000000000008251
10000000000008289
10000000000008323
10000000000008331
10000000000008379
10000000000008427
10000000000008443
10000000000008511
10000000000008541
10000000000008583
10000000000008617
10000000000008619
10000000000008631
10000000000008649
10000000000008691
10000000000008769
10000000000008773
10000000000008797
10000000000008877
10000000000008899
10000000000008917
10000000000008937
10000000000008947
10000000000009031
10000000000009049
10000000000009067
10000000000009139
10000000000009163
10000000000009183
10000000000009193
10000000000009223
10000000000009231
10000000000009309
10000000000009339
10000000000009391
10000000000009421
10000000000009529
10000000000009637
10000000000009717
10000000000009727
10000000000009787
10000000000009813
10000000000009867
10000000000009889
10000000000009907
10000000000009913
10000000000009967
10000000000009969
10000000000009973
10000000000009991
